                                                 [38;2;30;74;140m░    [0m
                                    [38;2;30;74;140m█[38;2;30;74;140m█[38;2;30;74;140m█[38;2;30;74;140m█[38;2;30;74;140m▓   [38;2;30;74;140m▒[38;2;30;74;140m▓[38;2;30;74;140m█[38;2;30;74;140m█[38;2;30;74;140m█[38;2;30;74;140m█    [0m
      [38;2;30;74;140m▒[38;2;30;74;140m▓[38;2;30;74;140m█[38;2;30;74;140m█[38;2;30;74;140m█[38;2;30;74;140m█[38;2;30;74;140m█[38;2;30;74;140m█[38;2;30;74;140m█[38;2;30;74;140m█[38;2;30;74;140m▓[38;2;30;74;140m▓[38;2;30;74;140m▒                 [38;2;30;74;140m░[38;2;30;74;140m█[38;2;30;74;140m█[38;2;30;74;140m█[38;2;30;74;140m█[38;2;30;74;140m█[38;2;30;74;140m█[38;2;30;74;140m█[38;2;30;74;140m█[38;2;30;74;140m█[38;2;30;74;140m█[38;2;30;74;140m█[38;2;30;74;140m▓     [0m
    [38;2;30;74;140m▒[38;2;30;74;140m█[38;2;30;74;140m█[38;2;30;74;140m█[38;2;30;74;140m█[38;2;30;74;140m█[38;2;30;74;140m█[38;2;30;74;140m█[38;2;30;74;140m█[38;2;30;74;140m█[38;2;30;74;140m█[38;2;30;74;140m█[38;2;30;74;140m█[38;2;30;74;140m█[38;2;30;74;140m█[38;2;30;74;140m█[38;2;30;74;140m█[38;2;30;74;140m█[38;2;30;74;140m▓[38;2;30;74;140m░                [38;2;30;74;140m█[38;2;30;74;140m█[38;2;30;74;140m█[38;2;30;74;140m█[38;2;30;74;140m▓[38;2;30;74;140m▒        [0m
     [38;2;120;170;225m█ [38;2;120;170;225m▓[38;2;120;170;225m▒[38;2;30;74;140m▒[38;2;30;74;140m█[38;2;30;74;140m█[38;2;30;74;140m█[38;2;30;74;140m█[38;2;30;74;140m█[38;2;30;74;140m█[38;2;30;74;140m█[38;2;30;74;140m█[38;2;30;74;140m█[38;2;30;74;140m█[38;2;30;74;140m█[38;2;30;74;140m█[38;2;30;74;140m█[38;2;30;74;140m█[38;2;30;74;140m█[38;2;30;74;140m█[38;2;30;74;140m▓            [38;2;30;74;140m▒[38;2;30;74;140m█[38;2;30;74;140m█[38;2;30;74;140m█           [0m
     [38;2;120;170;225m▓[38;2;120;170;225m█[38;2;120;170;225m▓[38;2;120;170;225m█[38;2;120;170;225m░[38;2;120;170;225m█[38;2;120;170;225m▒[38;2;30;74;140m▒[38;2;30;74;140m█[38;2;30;74;140m█[38;2;30;74;140m█[38;2;30;74;140m█[38;2;30;74;140m█[38;2;30;74;140m█[38;2;30;74;140m█[38;2;30;74;140m█[38;2;30;74;140m█[38;2;30;74;140m█[38;2;30;74;140m█[38;2;30;74;140m█[38;2;30;74;140m█[38;2;30;74;140m█[38;2;30;74;140m█[38;2;30;74;140m█[38;2;30;74;140m█[38;2;30;74;140m█[38;2;30;74;140m▓[38;2;30;74;140m▓[38;2;30;74;140m▓[38;2;30;74;140m▓[38;2;30;74;140m▓[38;2;30;74;140m▓[38;2;30;74;140m█[38;2;30;74;140m█[38;2;30;74;140m█[38;2;30;74;140m█[38;2;30;74;140m█            [0m
      [38;2;120;170;225m▓[38;2;120;170;225m█[38;2;120;170;225m█[38;2;120;170;225m█[38;2;120;170;225m▓[38;2;120;170;225m█[38;2;120;170;225m█ [38;2;120;170;225m░[38;2;120;170;225m▒[38;2;30;74;140m▓[38;2;30;74;140m▓[38;2;30;74;140m█[38;2;30;74;140m█[38;2;30;74;140m█[38;2;30;74;140m█[38;2;30;74;140m█[38;2;30;74;140m█[38;2;30;74;140m█[38;2;30;74;140m█[38;2;30;74;140m█[38;2;30;74;140m█[38;2;30;74;140m█[38;2;30;74;140m█[38;2;30;74;140m█[38;2;30;74;140m█[38;2;30;74;140m█[38;2;30;74;140m█[38;2;30;74;140m█[38;2;30;74;140m█[38;2;30;74;140m█[38;2;30;74;140m█[38;2;30;74;140m█[38;2;30;74;140m█[38;2;30;74;140m█             [0m
        [38;2;120;170;225m█[38;2;120;170;225m█[38;2;120;170;225m█[38;2;120;170;225m█[38;2;120;170;225m█[38;2;120;170;225m█[38;2;120;170;225m█[38;2;120;170;225m▓[38;2;120;170;225m▓[38;2;120;170;225m█[38;2;120;170;225m█[38;2;30;74;140m█[38;2;30;74;140m█[38;2;30;74;140m█[38;2;30;74;140m█[38;2;30;74;140m█[38;2;30;74;140m█[38;2;30;74;140m█[38;2;30;74;140m█[38;2;30;74;140m█[38;2;30;74;140m█[38;2;30;74;140m█[38;2;30;74;140m█[38;2;30;74;140m█[38;2;30;74;140m█[38;2;30;74;140m█[38;2;30;74;140m█[38;2;30;74;140m█[38;2;30;74;140m█[38;2;30;74;140m█[38;2;30;74;140m█[38;2;30;74;140m▒              [0m
          [38;2;120;170;225m▓[38;2;120;170;225m█[38;2;120;170;225m█[38;2;120;170;225m█[38;2;120;170;225m█[38;2;120;170;225m█[38;2;120;170;225m█[38;2;120;170;225m█[38;2;120;170;225m▓[38;2;120;170;225m▓[38;2;30;74;140m▓[38;2;30;74;140m█[38;2;30;74;140m█[38;2;30;74;140m█[38;2;30;74;140m█[38;2;30;74;140m█[38;2;30;74;140m▓[38;2;30;74;140m█[38;2;30;74;140m█[38;2;30;74;140m█[38;2;30;74;140m█[38;2;30;74;140m█[38;2;30;74;140m█[38;2;30;74;140m█[38;2;30;74;140m█[38;2;30;74;140m█[38;2;30;74;140m█[38;2;30;74;140m▓                [0m
              [38;2;120;170;225m█[38;2;120;170;225m█[38;2;120;170;225m█[38;2;120;170;225m█[38;2;120;170;225m█[38;2;120;170;225m█[38;2;120;170;225m█[38;2;30;74;140m▒[38;2;30;74;140m█[38;2;30;74;140m█[38;2;30;74;140m█[38;2;30;74;140m█[38;2;30;74;140m█[38;2;30;74;140m▓[38;2;30;74;140m▒[38;2;30;74;140m█[38;2;30;74;140m█[38;2;30;74;140m█[38;2;30;74;140m█[38;2;30;74;140m▓[38;2;30;74;140m▒                   [0m
               [38;2;120;170;225m▓[38;2;120;170;225m█[38;2;120;170;225m█[38;2;120;170;225m▒[38;2;120;170;225m▒[38;2;120;170;225m▒[38;2;120;170;225m▒  [38;2;30;74;140m▓[38;2;30;74;140m█[38;2;30;74;140m█[38;2;30;74;140m█[38;2;30;74;140m█[38;2;30;74;140m▓                        [0m
                 [38;2;120;170;225m▒          [38;2;30;74;140m▒[38;2;30;74;140m▓                        [0m

[38;2;91;155;213m██╗     ██╗ ██████╗ ███████╗██████╗  ██████╗ [0m
[38;2;77;133;187m██║     ██║██╔════╝ ██╔════╝██╔══██╗██╔═══██╗[0m
[38;2;63;111;162m██║     ██║██║  ███╗█████╗  ██████╔╝██║   ██║[0m
[38;2;48;89;136m██║     ██║██║   ██║██╔══╝  ██╔══██╗██║   ██║[0m
[38;2;34;67;111m███████╗██║╚██████╔╝███████╗██║  ██║╚██████╔╝[0m
[38;2;20;45;85m╚══════╝╚═╝ ╚═════╝ ╚══════╝╚═╝  ╚═╝ ╚═════╝ [0m

[38;2;128;128;128m   the lightweight java web framework · v${version}[0m
